Calculation time: 0:18:34.300671 
End time: 2019-05-08 19:59:13.137866 
Number of observations: 60 
Parameters:
 [-4.68106363  0.23932973 -2.19808528  8.6994533  -6.04048541 -9.17152623
  5.8507465   5.66213063 -3.14784978 -9.80504276 -0.48576337 15.22646781
 -5.10129115 -5.07886399  1.42819812  8.71646073 -6.06127861 -5.5082819
  0.78438055  0.45117898 -4.89316489 -8.60111134  0.71763041 -0.61914287
 -4.54627443 -4.80317777  3.07981054  2.39613406 -3.66502627 -4.31970065
  6.37078245 -1.81853284 -2.98907465  6.42342046 -5.53812615 -4.14463623
 -2.23223897 -2.06933553  2.18767581  4.54533786 -2.96917229 -3.35488987
 -0.67014764  2.1181665  -3.38651029  1.63938147  1.63359981  3.70480204
 -4.22934273  7.12717252 -4.31884687 -1.37097194 -6.51308496  8.26955584
 -1.56341008  0.47461678 -5.12641325 -3.19829377  1.15481767 -2.38109783
 -4.35631497  0.33175676  3.0419841  -2.59565419 -6.18841514  2.58502467
 -3.86964493 -5.51699917 -7.63952159  3.90818264 -2.09729345 -1.40412025
 -5.52389679 -2.5855393   1.3629472  -3.62052012 -3.47271723 -1.23281332
  0.44631569 -3.57347078] 
