Calculation time: 0:20:46.715769 
End time: 2019-05-08 18:37:09.221553 
Number of observations: 60 
Parameters:
 [-4.91551403  1.19234726 -2.77662523  9.58657607 -6.3420717  -8.95230554
  5.97826921  6.7182357  -2.77678285 -7.96483701 -2.09385124 17.17244986
 -5.38687996 -2.2002271   0.65471431  9.48004907 -5.11845085 -5.8663563
 -0.60002963  0.29926037 -3.29907286 -7.07000149 -2.7648496   0.26379933
 -2.07567843 -8.17304936  0.99162687  4.4803015  -3.24874744 -5.99041242
  6.46041051 -0.92589127 -3.60710194  7.05446642 -6.18764704 -5.07964735
 -3.67635102 -1.45509532  4.02007274  3.4876612  -3.13718765 -4.51919635
 -0.33497539  2.83102619 -3.78032537  3.52358808  2.38068501  1.75213155
 -3.98444826  7.91431613 -4.59216908 -0.64732147 -7.12388607 11.1343006
 -0.92224803  0.37688201 -5.34284573 -5.1103144   2.89257824 -3.33044781
 -4.23471534 -0.1651853   3.00816725 -2.33671834 -6.82284545  5.07608715
 -5.25642712 -8.63399932 -8.34515987  3.84383929 -2.85481147 -1.58461373
 -6.61510612 -2.91518872 -0.81078984 -3.45754935 -3.89605354 -3.71457424
  2.10424672 -3.37363388] 
