Calculation time: 2:06:19.002852 
End time: 2019-05-07 17:38:44.818470 
Number of observations: 60 
Parameters:
 [ -8.94550023   2.39170789   7.98296145   0.56294765  -5.51163751
  -1.81144256   4.2707295    0.72530021  -9.08044969 -10.63908005
   1.2348081    8.24349167  -7.3871075    6.51462299  -4.64345512
  11.87704523 -11.02073542   1.7803311    2.6553317   15.15559144
  -3.59622876   0.60006793   1.80318993  -2.18731101  -2.07080111
   0.8763921   -1.42945708  -0.19621277  -2.40785195   0.87115682
   0.74451204  -0.22437718  -4.14266279   3.53723384  -0.54940556
  -9.29112693  -2.18063847   2.97957773  -0.61099191   0.89764585
  -3.1688848   -0.97683026   1.10200812  -1.36860612  -3.43547342
  -4.26771337   2.45951964  -0.63009156  -5.14952895   6.58681971
  -5.26319243  -0.98640209  -5.84326565  -1.9617408   -2.3918207
   4.42282449  -4.94812752   2.62099447   2.03209751  -8.09059578
  -3.73960043  -0.51702662   0.61690286   0.31901703  -5.2392438
   4.58325424  -3.03488821  -1.00292355  -8.98661579 -22.37888539
   9.38381436   2.17389804  -4.4581198    1.65438928  -1.25203935
  -1.70794475  -4.87382689  -4.56864573   1.43548525  -0.17977898] 
