Calculation time: 2:18:12.650201 
End time: 2019-05-09 07:26:34.158440 
Number of observations: 60 
Parameters:
 [ -5.67237534  -6.13737811   8.77440126  -3.80919174 -14.60961815
   6.96243199  18.49910522  -9.04571344  -6.58234739   3.41526982
  -3.88020009   9.23990298  -8.31397767   3.94596822  -1.91346296
  11.73631547 -21.01034583  -0.41728375  11.95508359  29.46466765
 -10.49345056  -5.34576548  17.71692842 -16.32007277  -2.02333327
   2.93421328  -2.76615814  -0.43049867  -3.9381997   -3.9575491
   4.36869818  -1.46854153  -6.79023081   6.00556531  -7.85641321
  -6.9760164   -2.89731549   5.71311625  -0.44503611  -0.13946533
  -7.19887228 -17.66148992   9.66339372  -3.82510672  -3.73767363
   7.26494801  -2.21780986   3.67681448  -5.58865205   4.24225908
   0.09742984  -6.63667575  -6.03207484  -4.30867006   1.4365483
   4.29040851  -7.49852549   1.19102392   8.90039286 -20.66542153
  -3.73844236   0.82301807   0.76067585   0.25735186  -4.41862666
   3.03507995  -2.91160378   0.33672078  -7.12424951 -16.83541671
   7.02911448   1.17128194  -4.34522929   0.88078187   1.42653566
  -6.17522443  -6.20450355 -11.41871386   4.0202498   -0.12828087] 
