Calculation time: 2:33:03.699360 
End time: 2019-05-09 00:19:11.900401 
Number of observations: 60 
Parameters:
 [ -6.61117344  -2.20724971   7.74964875  -2.09006628  -6.55454421
   0.8656684    6.81707656   4.4237017   -9.63373862  -2.78287686
   9.96950116  -5.08355586  -7.00114255  -3.0768899   -5.79104757
  11.74855438  -8.25172749  14.47421111  -6.36709591  11.26851321
  -4.42618233   4.08275456   1.22428784   1.52815236  -2.76203963
  -1.17957558   1.2067027   -2.18972027  -2.89364389   1.25213317
   0.29244255   0.82779694  -5.40175601   6.93390015 -11.61299034
  -0.46620223  -2.18018661   2.79249137  -0.4687838    0.33908346
  -5.612758    -8.67677874   1.53384929   4.80807263  -3.01678657
   1.41589688   1.88629749  -1.52822262  -8.74225795   7.93457699
  -0.86207573 -12.45649544  -7.79488623 -13.31368788   4.75385758
   3.99255839  -6.57219978   1.48818285   7.21364283 -17.43302983
  -4.13498566  -2.54249214   2.83736014  -0.67682256  -5.2101039
   6.41100939  -5.15839017  -2.18971404  -4.65675722  -4.36523068
   1.28530343   0.42790823  -4.4789178    3.35189453  -3.30755148
  -1.46892753  -4.70786119  -0.77251431  -2.01905484  -0.17211298] 
