Calculation time: 2:37:30.055270 
End time: 2019-05-09 02:56:41.997029 
Number of observations: 60 
Parameters:
 [ -6.77013924   2.15032215   2.71321192  11.75487875  -6.19782039
   1.80620245   5.04664219   5.53387131  -7.43206541 -13.65227131
   2.19027166   6.79550948 -11.58325508   9.21273914   5.16648143
   8.65862192  -9.21096747  11.57157269 -10.1360266   -9.06465114
  -3.22412721   4.11335562  -2.55384281   0.34800971  -3.65181211
  -7.32705348   4.50917711  -4.79582023  -2.85300281   3.83247289
   0.24570551   1.53823822  -6.2065483    6.25992838  -8.32411637
  -5.98043975  -1.98316444   2.48475357   0.43631018   1.96761409
  -2.76743926  -0.5245214   -1.15390066   2.14401837  -2.16721587
   2.55068431  -2.17615428   2.87253196  -4.72218326   4.19739957
  -1.36595175  -3.05644781  -5.30477066   1.35380622  -2.40267291
   4.76283396  -5.38097592   1.91704716  -1.06504844  -4.25871833
  -4.07809837  -0.34112851   0.82550843   1.65126508  -5.38808559
   5.08382704  -4.56836951  -0.36649139  -9.05006536 -18.55410127
   5.58517717   4.64363019  -5.08567192   6.18849684  -6.93666344
   0.77164761  -4.27476831   2.39840349  -3.16199567   1.46489177] 
