Calculation time: 2:08:37.923700 
End time: 2019-05-07 10:56:21.105105 
Number of observations: 60 
Parameters:
 [ -7.35520537   0.77328305   6.10966876   3.40001048 -12.14424126
   6.3438775   14.30548958  -6.7722549   -9.77366807  -6.16935827
   0.59893433  12.85510252  -6.70410134   0.90534932   0.87573686
   6.51100753 -14.81964665  -3.72164245   9.44133519  17.72602861
  -3.89843221   1.15113692   2.6108957   -3.01200884  -2.44267256
  -1.96365886   1.11169489  -3.32947371  -4.06006013   3.52736726
  -0.88114641   3.25292137  -3.7099228    2.33522021  -3.48707028
  -4.27171173  -2.28015159   6.04105518  -1.96965283   2.54481322
  -4.02633239   3.2507739    0.09670201   1.05301309  -2.8121558
  -0.07635657   0.696501     0.23662194 -10.26608938   7.88653556
  -5.87838117 -11.7956513   -4.98775215  -3.65056507   2.6788812
   1.58699107  -9.10342057   5.61598583  -1.0986712  -15.23169578
  -3.11664114   4.10105365  -0.90950666   0.19539496 -10.23621441
  10.13614325  -7.94614799 -10.99015634  -8.87123961 -25.94664106
  11.53270033   0.88669412  -4.62916613   2.85067152  -1.92456644
  -1.93126967  -4.43071009  -2.72527613   0.95085741  -0.54299473] 
