Calculation time: 2:19:55.105779 
End time: 2019-05-02 05:05:27.007356 
Number of observations: 60 
Parameters:
 [ -5.33195045  -1.4932314    2.81177107   2.73588347 -10.89593314
   5.33177452  11.30065908   5.38374275 -10.35801538  -6.95719954
  -0.96051219  12.46336156  -8.13758185   1.68264456   2.82222927
   8.73807842 -10.67389355   0.35101983  -0.19003216  15.21987073
  -6.25773149   1.63061116   6.26863906  -3.81453503  -2.82855279
  -5.17232862   2.53564288  -2.16437818  -4.27532639   0.28393865
   3.01347205   1.76898031  -5.74488821   5.13634964 -10.56209155
  -1.8032142   -2.97558292   5.37138915  -0.11536041   0.39991163
  -5.05647881   5.95757532  -2.37281483   0.61756163  -3.43374197
   0.13863313   0.27933169   1.68845706  -7.00615459  10.35731181
  -6.2424104   -5.8180123   -6.48079795  -8.90716567   4.08414261
   3.32582638  -4.76612624   3.42781974   4.08618402 -12.18114838
  -4.98034151  -5.82788797   3.41455742   0.15135283  -9.07959741
  -4.95946301   4.27214713   2.20446399 -11.20897149 -33.17228261
  14.14957818   3.15219628  -3.88490163   3.26380402  -0.73978864
  -3.92294651  -3.29769689  -0.27535642  -0.71131625  -1.54739974] 
