Calculation time: 1:06:32.139847 
End time: 2019-03-26 01:44:57.123588 
Number of observations: 30 
Parameters:
 [ -8.31537579   5.98046298   2.35017725  10.75611767  -8.79965807
  -5.04108938  16.74059632  -9.57642873 -15.01472938 -18.43945492
 -12.33395276  21.51494582 -10.10330678 -15.64164771  -7.1732911
  17.30640297 -13.72884834   0.77619132   6.49924376  16.65602282
  -4.90862828   4.57400567   2.52884102  -3.68039176  -2.37352027
  -2.04903178  -0.11715726  -3.09376599  -3.44612328   0.12977383
   1.1809191    2.22188805  -4.74150806   6.42535753 -10.93699441
  -0.23865937  -1.60216418   9.4110949   -4.98307114   5.12205196
  -6.11211276   3.29645003   1.32803136   3.20974981  -6.02728034
  12.22329678  -3.61867755  17.4702907   -6.12227883  11.97047255
  -8.45124967  -3.20428305  -5.53790083  10.72150196 -12.07092374
   8.0656382   -4.44299456  13.90407556  -4.83912816  -8.40231186
  -3.9313999    2.01852617   0.1704901    0.66264797 -11.21132042
   3.9674964   -5.02051681   5.32974336 -14.65257044 -51.90348507
  23.55810483   3.72942362  -4.13557934  10.49153316  -9.14128078
  -2.22907373  -3.52012508   0.33241153  -1.19960825  -1.74305284] 
