Calculation time: 2:12:54.585732 
End time: 2019-05-08 01:43:31.594721 
Number of observations: 60 
Parameters:
 [ -6.98506117  -3.08884093   7.67648522  -1.76761898  -8.83802527
  -3.86969611  15.25387682 -16.23187744  -6.05803687  -9.049826
   2.19046987   4.81902721  -7.01600731   5.21329871  -3.22010527
   9.75697052 -18.79352797   6.11711025   7.72060896  27.85131468
  -4.42607224  -6.63154619   6.22791411  -6.78189812  -2.38047257
  -1.37998943   1.23780668  -3.75713281  -3.30261103   2.50808059
  -0.76828843   2.01727786  -5.12875107   0.57024935  -1.66637614
  -7.55993843  -2.9075454    3.72319076   1.19742166   0.48035397
  -5.70454205 -11.93398332   6.93940096  -2.44743125  -4.19797087
 -10.94252868   6.92630679  -3.13626169  -4.94828629   6.10537029
  -0.77604693  -5.85490502 -10.74099012 -27.75189329  11.11806565
   6.0746119  -13.22215139   8.54900774  -5.07044463 -20.61017332
  -4.14106836  -2.7233227    3.19139142  -0.43656569  -7.43776451
   3.39893448   4.43519916 -16.44844915  -4.0165396   -1.23215317
   0.04345793   1.23726827  -5.2203687    2.25384908  -1.25104476
  -3.74271324  -4.05393975  -0.89821518  -2.0359197    0.8634272 ] 
