Calculation time: 2:26:51.557574 
End time: 2019-05-02 07:32:18.595065 
Number of observations: 60 
Parameters:
 [ -6.72462916  -3.49055072   9.08239404  -1.95102699 -12.92131422
   6.78716065  15.47729913  -6.06270353  -7.89792528 -13.52053991
   2.33868061   6.49769605 -13.68772103  15.05220031   1.87232869
  22.42296604 -23.46591951  -1.97833531  12.46956794  35.07680472
  -6.89804232   6.29568395   3.46652991   1.91984035  -2.37086958
  -2.08799055   0.68226057  -1.6600216   -3.3178364    0.87675536
   1.23074729   1.0439704   -2.76934714   3.31639189  -5.86648891
   0.19305289  -2.31990203   5.23778957  -1.15396564   0.51474836
  -7.85785864  -0.58404943   4.92415648   1.80094094  -2.86895008
   5.21630915  -2.615109     3.54134896  -4.238331    13.44092132
  -9.21105445   0.2818466   -5.8239725   -6.38488347   4.29694689
   2.29987384  -5.53601494   5.32761636   2.34740272 -12.4985197
  -2.99446893   6.94024582  -3.69266197   2.15921255 -15.15411276
  24.56871453 -19.50695808 -13.18787201 -14.4311775  -46.28937303
  19.71863892   5.49621332  -5.44786236  -3.24209846   3.92231418
  -7.31082983  -4.52357589  -3.62677636   0.93984701  -1.19840127] 
