Calculation time: 1:09:22.099256 
End time: 2019-03-25 23:36:20.642750 
Number of observations: 30 
Parameters:
 [ -6.78900798  -5.74461406   9.63264161  -0.28621371 -11.31074897
   6.87829474  11.12681574   0.55946469 -10.72593765 -21.46642731
  -3.24586938  10.83193161 -10.30430968  -7.61215281   1.10241
  14.24006182 -12.52752127  -2.55519277   9.14686032  11.72010511
  -4.09583191  -1.75921298   3.37614599  -2.3670405   -2.83583465
  -0.37508146  -1.33681287  -1.63482211  -2.41422948   4.88811973
  -1.62143264   2.0100448   -7.01827818   8.08138723  -8.59381038
  -8.05850353  -5.92237222   5.90904497   4.90329197   1.03623742
  -4.71768829  -3.54680243  -2.17547098   3.96556064  -3.13648078
   0.84761841   2.24604869   1.52900852  -5.84271466   7.56859448
  -2.69999302  -6.38261769  -7.31278853  -0.23999148  -6.52991093
   8.12145789 -10.53646133   0.81126939   6.60440753 -23.86749064
  -5.65161531  -8.04886848   4.13785546   0.04571804 -11.02157556
   2.59430641   1.60437769  10.82564715  -3.57905202  -0.04991378
  -0.42906013   0.27656566  -4.40310603   4.57363753  -2.44494549
  -1.90190615  -4.4942472    1.4126347   -2.27505401  -1.42855333] 
