Calculation time: 2:13:16.867882 
End time: 2019-05-06 17:19:21.453773 
Number of observations: 60 
Parameters:
 [ -7.17793366  -2.56123919   7.6138109   -1.19420301  -5.39066558
  -2.23537526   5.87393067  -1.05916816 -10.00512599 -10.22853183
  -0.23223839  10.0610165  -11.55383161 -16.66516171   0.57032622
  -1.25128073 -11.3415058    8.67939092  -6.49562765  -1.67756788
  -4.64382577   1.86202377   1.78090335   2.75569223  -2.53414551
  -2.49919538   1.96212851  -2.27928989  -3.49105815   1.84000893
   1.25164214   1.95566552  -3.3155586    3.6650977   -2.94113552
  -4.68553607  -2.32264923   3.00136761   0.67888621  -0.03270397
  -5.97092527 -15.41773233   5.90255839   1.70731772  -5.50633584
   3.9111686    3.22847766   4.00404008  -6.22483374   5.40454451
  -1.1356033   -5.33674519  -9.06149806 -19.37859284   6.8138009
   4.39307768  -7.18299415   2.52134725   5.76555395 -15.67882904
  -4.70934599  -3.53747847   3.36556682  -0.46920555  -5.69701249
   6.63796023  -4.43171791  -0.32545393  -9.69195491 -23.79264239
  10.4413118    2.66880529  -5.80653591   5.87730294  -9.0860833
   3.87278221  -4.12653154  -0.58995946  -0.27780571   0.1263513 ] 
