Calculation time: 1:16:32.086606 
End time: 2019-03-25 20:43:31.866898 
Number of observations: 30 
Parameters:
 [ -9.78729855   6.67426171   5.15627958   0.80960958  -8.56509796
  -5.73245979   9.76497      0.20368477 -11.11127616 -13.3584981
  18.17809283  -4.94647464 -12.98850358  -7.72626366   1.84203538
   4.9308225  -10.10056624  -2.17573685   1.60273545  -4.1125569
  -3.68362253  -0.83086858   2.73755571  -0.69673096  -4.0020493
  -8.6120206    3.76419754  -2.21256549  -2.74682634  -4.90621344
   4.9422721   -2.16556329  -4.98085976   3.37819116  -7.52626585
  -2.88170492  -9.29514346  -2.74313762  16.90885637 -11.34259719
  -5.07314915 -10.27609917   5.87281703   0.75960928  -1.80745745
   5.04786005  -2.73576758   5.38790221  -5.6659903    8.27640375
  -8.13573525  -1.23916716  -6.45087114  -6.20210583   3.87836964
  -0.42369452  -5.22860884  -7.15529486   7.93494951  -8.48006496
  -5.13328248   2.12599718  -2.11299623   4.36022185  -7.85168561
   7.68282504  -6.87335493 -11.8225735   -9.31117651 -16.80066218
   1.61859152   5.72772308 -11.87238675  -0.17015378  -1.72538374
   0.20093207  -4.34757366  -3.5031965    0.97643223   0.227459  ] 
