Calculation time: 0:09:51.962010 
End time: 2019-05-07 15:32:25.773309 
Number of observations: 60 
Parameters:
 [-5.45847612 -0.69121066  2.23781708  8.73538516 -4.48728016 -1.12793013
 -0.33161034 11.76321302 -4.92180777 -9.77435664  0.0207059  15.30005431
 -6.27243325 -5.43223273 -4.64870703 17.175017   -5.19972368 -0.937458
 -3.26771723 -5.91268232 -4.80784579 -1.92462863  4.56162465 -0.71723164
 -2.21772222 -2.46792083  1.12488417  1.93239599 -3.50118486  4.51331534
  1.1389686   1.46814557 -4.15819671  1.96130598 -5.24912804 -3.27729306
 -1.33994778  5.7374356  -3.36008277  4.35320217 -3.82696603 -2.73630733
 -3.52251847  5.78361872 -2.09689288 -0.14473935 -3.17535807  5.64059987
 -4.61479766  0.67464972 -0.87787401 -4.55929949 -4.43423522  8.36751247
 -3.24778151  0.1464495  -4.61720634  6.19614211 -1.58985628 -9.18032581
 -2.36520347 10.99025235 -5.30166704  2.13887107 -6.59810326  1.69810486
 -3.72781073 -1.97657325 -4.08653507 -2.2382722  -3.03398833 -3.49322332
 -5.61850573 -3.17283994 -4.50408796 -4.47140371 -3.15640302 -0.88001321
 -0.83868492 -3.54067678] 
