Calculation time: 1:01:53.831973 
End time: 2019-03-26 00:38:19.714250 
Number of observations: 30 
Parameters:
 [-13.66708732   8.75545171  12.05088692  -0.26585657  -8.14321708
   3.62429138   7.46063704   1.80596316  -6.18986607 -10.4303252
   2.29330521   6.11025786  -8.89601267  -8.03257608  -3.80623253
  11.14278283  -9.46429556   4.51974975  -5.80508086  15.35912021
  -7.40630599  -1.7157639   10.48732234  -8.4052783   -5.35226421
 -16.08212116   9.89438571  -4.83692257  -2.28591804   1.68116268
   0.38866543  -1.4771232   -6.46597806   6.07091734  -8.96354949
  -6.03166819  -4.39142489   4.43422504   4.04386169  -1.42247486
  -2.24931735   3.34192998  -2.85078584   5.29804779  -4.51352788
   6.32895921  -0.70437163   7.81255948  -6.19159739   7.12142868
  -5.37700006  -3.24159385  -6.643146    -8.72926851   8.28652757
  -2.8206876   -8.85116027   0.02112784   1.36934619 -13.04633558
  -4.90873421  -3.83375791   1.35948211   2.00652094  -6.43779721
   9.78295117 -11.87746769   3.15223929  -8.38738382 -15.06725329
   2.07783484   5.38382794  -5.70538349   3.39935268   0.66842539
  -7.62234741  -4.79844162   3.98743098  -5.83659038   2.33291491] 
