Calculation time: 3:10:57.244365 
End time: 2019-05-06 23:06:48.466068 
Number of observations: 60 
Parameters:
 [-14.9064075    5.16994135  17.32568473  -6.02931191 -13.22181335
   9.60221641  12.46911609   4.95725415 -10.46576615 -10.69603177
   5.76258318  11.42130198  -5.83833579  -7.74913347   1.4699433
   5.99112723 -11.0359387    2.51268242  -0.91928348  16.10018558
  -5.15716017  -5.65463877   7.0370079   -5.43007333  -3.69145138
  -2.62293645   1.62079465  -2.7357941   -3.05728505  -0.06585608
   1.48847337  -0.23870681  -5.09124534   6.29602447  -8.91112359
  -1.91845169  -7.02856283   5.99285064   6.8800628   -3.69849518
  -3.04942397  -0.02793946  -0.89314901   2.37025931  -2.74516992
  -0.10709896  -0.67925742   0.91768818  -7.00318164   7.98337173
  -3.25883237  -6.16864462  -8.51079686 -14.91490249   4.02715256
   4.2822949   -9.90989938   7.85789489  -6.7553613  -10.35018925
  -4.7873544   -3.58899624   2.87412949  -1.60986613  -9.71938532
   9.04294779  -7.77960706  -7.5166651   -9.17325333 -20.409314
   7.94221843   4.06643132  -4.44253513   3.19039158  -1.14617137
  -3.26850572  -4.36058939  -2.04784117  -0.189183    -0.63136269] 
