Calculation time: 2:24:33.537273 
End time: 2019-05-07 20:03:18.433529 
Number of observations: 60 
Parameters:
 [ -7.72003181  -3.67271519   9.39244874  -2.27095121  -5.66277148
  -3.44643607   7.45573052  -4.25086687 -10.55207911 -14.02770128
  -4.42828199  12.88184973  -5.77294755   1.31679498  -1.88689395
   7.66362258  -4.59334774   5.04060726  -3.15455942   3.07257869
  -4.50344691  -0.80458443   2.44692782  -0.17756353  -2.66551723
  -0.35463051  -1.02383839  -0.57301513  -2.77111172   0.80869796
   1.01385275  -0.39494869  -5.10373668   6.37429593 -10.1097447
  -1.89070836  -3.01541824  -0.32038724   3.49791076  -3.07726347
  -6.08925009   1.15444471   4.02797152  -3.23114146  -3.45666854
   4.07118045  -1.565954     3.07871507  -5.09290809   6.00805852
  -0.76268204  -7.78204241  -7.20704624  -7.78673384   1.28073979
   6.48944874  -6.09989555   3.01884319   3.05718211 -12.97709067
  -3.63557124   0.74951205   0.67978085  -0.73136149  -7.78660862
   7.78323849  -2.67089149   4.95315273  -4.62083556  -3.88436046
   0.65509247   0.45921753  -5.9402711    0.47443734   2.83973231
  -9.75372434  -4.77416293  -3.0209698    0.45162832  -1.38365165] 
