Calculation time: 0:37:01.323530 
End time: 2019-05-07 23:30:36.974328 
Number of observations: 60 
Parameters:
 [ -7.64906082  -4.4024937    9.06848256   1.04686675  -9.4299647
   1.34732007   9.98073457  -1.91005436 -15.11232262  -5.54460432
   1.98998338   1.81829385 -11.3051638   -5.25889561   3.44869079
  12.94789204 -11.20478043   2.12152545   3.35034968  14.11730768
  -7.04166539  -1.32220144   9.32040188  -6.46507949  -3.03648849
  -3.9001235    0.66986332  -0.42902249  -3.26697424  -0.48468756
   2.1704503   -0.48215943  -2.88067625   6.33713901 -12.34520586
   5.86012831  -6.5449158   15.18825985   1.0495345    5.42587252
  -3.38634048  -1.72687648   1.08003892  -2.52491038  -4.24511416
   9.03639358  -3.45312094   8.78434918  -9.24240233   2.39349438
   2.40527417 -16.40008431  -8.80354355 -21.18638124   9.88855376
   2.53073456  -4.5163731    2.99285985   4.38933101 -10.79502962
  -4.95699424   0.56129764   0.41058018   1.96471814 -10.37807314
   6.43526979  -3.64698817  -0.98814307  -7.50840554 -18.11016905
   5.83278332   2.31165534  -4.0634727    4.13061964   3.20128201
 -11.88283214  -4.47871662   1.31151093  -0.97163142   1.91368153] 
