Calculation time: 2:00:41.902889 
End time: 2019-05-01 22:25:51.444817 
Number of observations: 60 
Parameters:
 [ -5.51503573   1.08001516   0.60037286   3.78621831  -9.64291317
   6.20580971   8.73360585   1.37537411  -6.63389485  -6.92864476
   2.9709125   -0.58626661  -5.80203161   2.42568491  -1.6450035
   6.79537793 -10.59046218   2.34601917  -1.04497798  15.15202657
  -3.32711933  -0.46174235   2.99273146  -4.52865596  -2.58333702
  -4.23995976   3.01403131  -2.59926172  -2.13793921   0.23216817
   0.89757542  -0.56240578  -6.58459695   4.80756106  -1.77513752
 -12.56197168  -3.82405277   4.04292496   2.78638192  -1.86654882
 -11.05074557 -13.44969405  -6.91923648   8.100528    -2.80682978
   1.61739658  -0.29532697   0.94757826  -6.89163439   0.92971174
   5.78266233 -14.71981446  -7.66146284 -11.90259704   2.91870046
   4.67612599  -5.19688602   2.92657654   1.6587105   -8.56073936
  -4.52842878  -4.40836826   3.89141702  -0.96663425  -5.7604658
   5.91097303  -5.05768241  -0.16946996  -9.94209434 -19.9786965
   5.28880144   4.99311663  -5.10567387  -0.74234125  -0.66215672
  -0.91454776  -4.40954423  -1.07137246  -1.30214611  -0.27539447] 
