Calculation time: 1:03:30.547555 
End time: 2019-03-25 22:26:53.192659 
Number of observations: 30 
Parameters:
 [ -9.3949158    5.77146822   6.99966625  -2.15846832  -4.5608794
  -1.24655467   2.34261543   0.62624763 -10.02500036   1.35267349
   7.54557563  -8.31136711  -5.48527436  -1.18039663   0.41032879
   0.65995628 -10.27670166   1.1797708    0.39224228   0.7923978
  -4.13839512  -1.14577167   3.16565972  -9.81729683  -2.43682881
  -2.6669032    1.25912531  -0.16084007  -2.92763541  -0.51165483
   2.14091949   0.45541713  -3.88400672  -0.96407262   4.07594937
 -10.98490195  -1.45277711   3.83981572  -3.58763104   5.57934932
  -3.38716689  -9.32623438   5.65204847   1.47267909  -2.51818903
  -1.15918284   2.10399899  -3.25963996  -4.69776578   4.87355791
  -2.80686079  -3.03407551  -5.71731942  -1.3253007   -1.44572111
   4.15837767  -6.96896559   2.98064106   4.26531773 -16.05563729
  -5.21757318  -7.96383175   5.31682834  -0.71478026  -6.45385496
   6.31413128  -7.45724976   2.11815181  -6.85365802 -11.30984918
   3.14386373   3.32306381  -4.65581482  -0.67410818   0.95581099
  -3.07092417  -5.11941537  -7.44044537   5.17456616  -4.58533784] 
