Calculation time: 2:50:17.151539 
End time: 2019-05-07 22:53:35.625306 
Number of observations: 60 
Parameters:
 [-11.79040104   3.94950753  11.23631657   3.86498774  -5.32672027
  -1.94050687   5.29860753  -0.32994126  -7.37993186 -13.02103799
   0.26940293   6.37415378  -8.33410202   3.8758457    2.60116597
   0.9555899  -10.81266339   3.67564192  -1.64418043   1.3045235
  -3.35182307   0.02255689   2.16950276  -4.33892476  -3.11965426
  -2.47512988   1.12952449  -1.18996034  -2.81305956  -0.13713762
   1.56531278  -0.21582398  -6.01357322   2.93900038  -4.7266622
  -7.2882654   -4.84511815   3.33602407   4.37046664   0.77135413
  -4.67653168  -9.97318698   4.80849072  -0.40294076  -3.46938228
   1.86893379   0.81649335   1.95338583  -6.34389349   4.74478112
  -4.04169111  -4.22850158  -5.83666482  -3.56786416   0.87074499
   3.42196012  -9.68616543   5.68417427   1.98065085 -20.87819983
  -3.81346933   2.89294423  -1.37973462   0.74101193  -5.03618938
   2.53470071  -0.51804687  -3.58803631  -8.19849604 -13.01890831
   1.49422549   5.86602833  -4.80543005   0.32220773   0.84023028
  -3.65497475  -5.49239549  -9.51263271   5.11385948  -2.97660917] 
