Calculation time: 2:36:29.660336 
End time: 2019-05-06 19:55:51.184096 
Number of observations: 60 
Parameters:
 [-10.8693634    5.34705207   9.04261115   8.55150645  -4.98653891
  -2.48248628   5.73511863  -1.31414512  -8.74978182 -18.27491248
   3.85655141   6.04091441  -8.81049733   3.53326305   2.37412012
   1.09216143 -14.38875079  -3.19721608  12.00536856  10.33306594
  -6.27686941   0.33470225   6.22840328  -5.57489393  -2.64446615
   0.29478829  -0.51909523  -1.71423401  -2.78296661   1.68202159
   0.94074256  -1.01085535  -7.20061548   7.29831985 -10.85708945
  -5.11926844  -2.16076874   5.14716532  -1.92041448   2.69886562
  -8.20551383  -4.16324971   7.4581607    2.82596776  -4.3289416
   7.28873511  -1.78671      2.68697518  -5.22534815   6.20589684
  -3.56872941  -2.94620684  -9.63329287 -21.18157393   7.77890564
   5.19246795  -6.4695784    3.710836     5.56570859 -16.30070007
  -3.83402975   2.17986876   0.36000093   0.58558295  -6.21619309
   4.66530256  -0.2443525   -5.94531473  -4.36527227  -3.44803708
   0.65301006   0.18592514  -5.25342959   1.87536098  -1.28728408
  -2.60012336  -3.71025107  -0.404068    -0.79511714  -1.2016018 ] 
