Calculation time: 2:11:39.456595 
End time: 2019-05-09 05:08:21.474630 
Number of observations: 60 
Parameters:
 [ -5.56589946  -1.75473003   4.88950792   2.07517582  -9.49216296
   4.1227396    9.73575215   3.97879634 -13.16647924 -28.38052947
  -3.72521654  15.44948024  -7.84848878   5.53595575  -5.04309144
  12.95964147 -15.09501822   3.08913807   1.19361675  22.96354349
  -6.07942584   3.06654113   4.93608183  -1.70705696  -2.27610599
  -2.88497472   1.38370811  -3.57249662  -4.44818388  -0.99495292
   3.52234232   1.55786086  -5.14644937   5.37148521 -10.04517671
  -1.38666951  -2.9870831    5.44482797  -0.03377025   0.83461024
  -9.04115313  -4.14381473  10.17540615  -5.68446297  -5.71173683
   9.59396867  -1.28478177   7.33556047 -11.68139533  14.24823841
 -10.84584365 -10.2336636   -8.95275426 -14.55129126   3.78263803
   6.22024763  -6.7918617   -1.14285073  10.66725206 -20.16927504
  -3.32218766   0.59933055   0.81965229  -0.26418644  -6.80201934
   6.01031957  -4.28599818  -5.13293183  -9.08228991 -25.08457602
  10.34054555   3.0696622   -4.891566     2.87492034  -2.06759995
  -3.14350078  -4.32229754  -5.19143492   1.28890088  -0.46358434] 
