Calculation time: 1:46:54.938408 
End time: 2019-05-08 21:46:08.118067 
Number of observations: 60 
Parameters:
 [-12.13548957   8.38509033   8.70283668   3.79007161  -5.31134517
  -1.85376868   5.785551    -1.93720283  -4.76822016   1.6240534
 -10.80367499  18.64613516  -7.33781635   1.34958565  -0.32017797
   8.32988133 -10.58448799   2.63424275  -2.06015227   2.27269414
  -3.90198354   4.28088807  -0.23262374   1.16175732  -2.33005255
  -0.51676701  -0.1996959   -0.92827884  -2.47479216   0.42224737
   0.89607225  -0.07688974  -4.59727177   3.31179875  -4.59790462
  -5.34553263  -2.37737449   1.72696793   1.38892752  -0.60231698
  -3.88334825  -3.74051431   1.53071509   1.47119668  -3.71891646
   4.37211199   0.03509829   3.57817787  -6.90094325   5.0136546
  -3.85466879  -4.34765921  -8.58039709 -13.88913083   2.81687941
   5.68009486  -5.36084249   4.04709572  -1.5011463   -5.41568852
  -4.28828559  -2.29457335   3.2123766   -1.30662646  -7.08194971
   8.38271459  -8.20178268  -0.86535821  -7.50774959 -14.73202762
   5.57464461   1.50763923  -4.62434797   3.50502135  -3.7790386
   0.32320428  -4.16826874  -1.06028988  -0.63278976  -0.22406645] 
